pvanalysis_Oph1_C18O_mTTT_tr3
rb= 171.83957248449462
rb_error= 57.65335188809788
vb= 2.228305300410884
vb_error= 0.5005749834001183
pin= 0.5268584658128842
pin_error= 0.05979090004843973
dp= 0.23430582510125586
dp_error= 0.16077056621195335
pout= 0.7611642909141401
pout_error= 0.17152879259388082
v_sys= 2.326465688201428
vsys_error= 0.01760433751844056
M_in= 1.1398046260319257
M_in_error= 0.633930317469403
M_out= 0.8367977194787358
M_out_error= 0.5962592708364894
M_b= 1.075836358570811
M_b_error= 0.6032595392527221
