pvanalysis_Oph1_C18O_mTTT_tr3
rb= 167.37324148998772
rb_error= 61.5325725772865
vb= 2.2639168156992326
vb_error= 0.5474079838919513
pin= 0.5245159944814118
pin_error= 0.06610107896193537
dp= 0.2310294385083626
dp_error= 0.1789896997520282
pout= 0.7555454329897744
pout_error= 0.19080530720410588
v_sys= 2.3263294686265
vsys_error= 0.017346790624561383
M_in= 1.1387653295414595
M_in_error= 0.6882149856174042
M_out= 0.8345593958542816
M_out_error= 0.6468807073185125
M_b= 1.0816346838425002
M_b_error= 0.6570605768086255
