pvanalysis_Oph1_C18O_mTTT_tr3
rb= 173.87135906896688
rb_error= 57.726888201095754
vb= 2.2118327295249083
vb_error= 0.4974093224536875
pin= 0.5285420321984536
pin_error= 0.06037025918573083
dp= 0.23186926487535353
dp_error= 0.15742240627728193
pout= 0.7604112970738072
pout_error= 0.1686012520483817
v_sys= 2.325710504974623
vsys_error= 0.018180194792237286
M_in= 1.1410821271228468
M_in_error= 0.6319522558959728
M_out= 0.8399508802395783
M_out_error= 0.5935120255801292
M_b= 1.072522116447074
M_b_error= 0.5995813280478675
