pvanalysis_Oph1_C18O_mTTT_tr3
rb= 167.38223015491042
rb_error= 67.67944393042525
vb= 2.2683782936062116
vb_error= 0.5872246308774868
pin= 0.5239201155582788
pin_error= 0.07432819657794482
dp= 0.24208620543118808
dp_error= 0.23080941652643802
pout= 0.7660063209894669
pout_error= 0.2424823036095714
v_sys= 2.3265634963947845
vsys_error= 0.017509339378306475
M_in= 1.1417561751956267
M_in_error= 0.7485118390641453
M_out= 0.8290729011499138
M_out_error= 0.7122894787460924
M_b= 1.0859603351226417
M_b_error= 0.7133980845774298
