pvanalysis_Oph1_C18O_mTTT_tr3
rb= 175.56904056983993
rb_error= 59.868310737962354
vb= 2.2016244666094216
vb_error= 0.4979538764991298
pin= 0.52905478922778
pin_error= 0.06111911880097745
dp= 0.24815799874307917
dp_error= 0.20376755718246742
pout= 0.7772127879708592
pout_error= 0.21273637216780333
v_sys= 2.3260009140560394
vsys_error= 0.01851637279904108
M_in= 1.1434042677098297
M_in_error= 0.6418101508633913
M_out= 0.8316612464127316
M_out_error= 0.6125875553878173
M_b= 1.0730206227170431
M_b_error= 0.6078449974416178
