pvanalysis_Oph1_C18O_mTTT_tr3
rb= 167.43324514854763
rb_error= 62.0401585139209
vb= 2.264548056211083
vb_error= 0.5483565824026392
pin= 0.5249845925026877
pin_error= 0.06693311860004711
dp= 0.23811820781695786
dp_error= 0.18387308471887676
pout= 0.7631028003196456
pout_error= 0.19567665586258162
v_sys= 2.3269250426251853
vsys_error= 0.017533158291792188
M_in= 1.140863626714919
M_in_error= 0.6920748751165205
M_out= 0.8290988628008995
M_out_error= 0.6505185667852578
M_b= 1.0826259298230816
M_b_error= 0.6601717011229409
