pvanalysis_Oph1_C18O_mTTT_tr3
rb= 169.17609995065476
rb_error= 59.646151316884556
vb= 2.2507766992462694
vb_error= 0.5240841481792471
pin= 0.5261939427534656
pin_error= 0.06414983830691968
dp= 0.23452279651469718
dp_error= 0.1764742239710029
pout= 0.7607167392681629
pout_error= 0.18790043552811952
v_sys= 2.32649827633219
vsys_error= 0.018066403668298342
M_in= 1.1417913689875805
M_in_error= 0.6627512812391186
M_out= 0.833768932129094
M_out_error= 0.6236362361497761
M_b= 1.080181556192495
M_b_error= 0.6310937418671775
