pvanalysis_Oph1_C18O_mTTT_tr3
rb= 170.1764086794162
rb_error= 58.40107292305675
vb= 2.2400638015947703
vb_error= 0.5209150795670904
pin= 0.5268664568182337
pin_error= 0.06327734723360964
dp= 0.22889252937225607
dp_error= 0.15118906231034968
pout= 0.7557589861904899
pout_error= 0.16389678226007245
v_sys= 2.3265968141699203
vsys_error= 0.017664608914713102
M_in= 1.140127520287955
M_in_error= 0.6539851416527339
M_out= 0.8376566750277775
M_out_error= 0.6097427678583255
M_b= 1.0766976811779492
M_b_error= 0.6223279881844047
