pvanalysis_Oph1_C18O_mTTT_tr3
rb= 166.5107411553965
rb_error= 54.599890613985025
vb= 2.272349216068249
vb_error= 0.4919033957978527
pin= 0.5249512603308719
pin_error= 0.05976968375085931
dp= 0.22503745353793347
dp_error= 0.14325922356621443
pout= 0.7499887138688054
pout_error= 0.15522764004027229
v_sys= 2.3273940620430174
vsys_error= 0.018456802294045414
M_in= 1.1419718501284586
M_in_error= 0.6168067845287142
M_out= 0.8390151529348995
M_out_error= 0.5763077543044542
M_b= 1.0840917783722686
M_b_error= 0.5887781518722751
