pvanalysis_Oph1_C18O_mTTT_tr3
rb= 161.99129888131034
rb_error= 58.520702231173544
vb= 2.31201436104644
vb_error= 0.542458472958803
pin= 0.5236147748256602
pin_error= 0.07142694880427208
dp= 0.23235565052626553
dp_error= 0.17054052589406654
pout= 0.7559704253519257
pout_error= 0.18489424000685603
v_sys= 2.3263199241379535
vsys_error= 0.019040376035424408
M_in= 1.1452274060995764
M_in_error= 0.6779239115492114
M_out= 0.8280738534067239
M_out_error= 0.6299253435786958
M_b= 1.0918082954038981
M_b_error= 0.646572554220205
