pvanalysis_Oph1_C18O_mTTT_tr3
rb= 169.61386187367742
rb_error= 58.43912155184156
vb= 2.2447339516914933
vb_error= 0.5066371539437113
pin= 0.5286309457783941
pin_error= 0.05838173110538056
dp= 0.23337539123431972
dp_error= 0.18412069727035274
pout= 0.7620063370127138
pout_error= 0.19315500948766987
v_sys= 2.3266768480924465
vsys_error= 0.01881205603442153
M_in= 1.1449107610432083
M_in_error= 0.6423025506336901
M_out= 0.8318026339853978
M_out_error= 0.6083388911019871
M_b= 1.077617760447682
M_b_error= 0.6119424971436861
